A   0只公鸡，25只母鸡，75只小鸡
A   4只公鸡，18只母鸡，78只小鸡
A   8只公鸡，11只母鸡，81只小鸡
A   12只公鸡，4只母鸡，84只小鸡
A: 197109.000000ms
B   0只公鸡，25只母鸡，75只小鸡
B   4只公鸡，18只母鸡，78只小鸡
B   8只公鸡，11只母鸡，81只小鸡
B   12只公鸡，4只母鸡，84只小鸡
B: 181.000000ms      
C   0只公鸡，25只母鸡，75只小鸡
C   4只公鸡，18只母鸡，78只小鸡
C   8只公鸡，11只母鸡，81只小鸡
C   12只公鸡，4只母鸡，84只小鸡
C: 4.000000ms


   220314.000000ms      552471.000000ms     310205.000000ms   178446.000000
   178.000000ms 

A   0只公鸡，25只母鸡，75只小鸡
A   4只公鸡，18只母鸡，78只小鸡
A   8只公鸡，11只母鸡，81只小鸡
A   12只公鸡，4只母鸡，84只小鸡
A: 192413.000000ms
B   0只公鸡，25只母鸡，75只小鸡
B   4只公鸡，18只母鸡，78只小鸡
B   8只公鸡，11只母鸡，81只小鸡
B   12只公鸡，4只母鸡，84只小鸡
B: 178.000000ms
C   0只公鸡，25只母鸡，75只小鸡
C   4只公鸡，18只母鸡，78只小鸡
C   8只公鸡，11只母鸡，81只小鸡
C   12只公鸡，4只母鸡，84只小鸡
C: 0.000000ms

C   0只公鸡，25只母鸡，75只小鸡
C   4只公鸡，18只母鸡，78只小鸡
C   8只公鸡，11只母鸡，81只小鸡
C   12只公鸡，4只母鸡，84只小鸡
C: 4.000000ms

C   0只公鸡，25只母鸡，75只小鸡
C   4只公鸡，18只母鸡，78只小鸡
C   8只公鸡，11只母鸡，81只小鸡
C   12只公鸡，4只母鸡，84只小鸡
C: 5.000000ms

C   0只公鸡，25只母鸡，75只小鸡
C   4只公鸡，18只母鸡，78只小鸡
C   8只公鸡，11只母鸡，81只小鸡
C   12只公鸡，4只母鸡，84只小鸡
C: 0.000000ms

C   0只公鸡，25只母鸡，75只小鸡
C   4只公鸡，18只母鸡，78只小鸡
C   8只公鸡，11只母鸡，81只小鸡
C   12只公鸡，4只母鸡，84只小鸡
C: 0.000000ms

C   0只公鸡，25只母鸡，75只小鸡
C   4只公鸡，18只母鸡，78只小鸡
C   8只公鸡，11只母鸡，81只小鸡
C   12只公鸡，4只母鸡，84只小鸡
C: 6.000000ms

C   0只公鸡，25只母鸡，75只小鸡
C   4只公鸡，18只母鸡，78只小鸡
C   8只公鸡，11只母鸡，81只小鸡
C   12只公鸡，4只母鸡，84只小鸡
C: 3.000000ms

C   0只公鸡，25只母鸡，75只小鸡
C   4只公鸡，18只母鸡，78只小鸡
C   8只公鸡，11只母鸡，81只小鸡
C   12只公鸡，4只母鸡，84只小鸡
C: 4.000000ms

C   0只公鸡，25只母鸡，75只小鸡
C   4只公鸡，18只母鸡，78只小鸡
C   8只公鸡，11只母鸡，81只小鸡
C   12只公鸡，4只母鸡，84只小鸡
C: 5.000000ms

C   0只公鸡，25只母鸡，75只小鸡
C   4只公鸡，18只母鸡，78只小鸡
C   8只公鸡，11只母鸡，81只小鸡
C   12只公鸡，4只母鸡，84只小鸡
C: 8.000000ms

C   0只公鸡，25只母鸡，75只小鸡
C   4只公鸡，18只母鸡，78只小鸡
C   8只公鸡，11只母鸡，81只小鸡
C   12只公鸡，4只母鸡，84只小鸡
C: 9.000000ms

C   0只公鸡，25只母鸡，75只小鸡
C   4只公鸡，18只母鸡，78只小鸡
C   8只公鸡，11只母鸡，81只小鸡
C   12只公鸡，4只母鸡，84只小鸡
C: 5.000000ms

C   0只公鸡，25只母鸡，75只小鸡
C   4只公鸡，18只母鸡，78只小鸡
C   8只公鸡，11只母鸡，81只小鸡
C   12只公鸡，4只母鸡，84只小鸡
C: 10.000000ms

B   0只公鸡，25只母鸡，75只小鸡
B   4只公鸡，18只母鸡，78只小鸡
B   8只公鸡，11只母鸡，81只小鸡
B   12只公鸡，4只母鸡，84只小鸡
B: 431.000000ms
B   0只公鸡，25只母鸡，75只小鸡
B   4只公鸡，18只母鸡，78只小鸡
B   8只公鸡，11只母鸡，81只小鸡
B   12只公鸡，4只母鸡，84只小鸡
B: 292.000000ms
B   0只公鸡，25只母鸡，75只小鸡
B   4只公鸡，18只母鸡，78只小鸡
B   8只公鸡，11只母鸡，81只小鸡
B   12只公鸡，4只母鸡，84只小鸡
B: 372.000000ms
B   0只公鸡，25只母鸡，75只小鸡
B   4只公鸡，18只母鸡，78只小鸡
B   8只公鸡，11只母鸡，81只小鸡
B   12只公鸡，4只母鸡，84只小鸡
B: 288.000000ms
B   0只公鸡，25只母鸡，75只小鸡
B   4只公鸡，18只母鸡，78只小鸡
B   8只公鸡，11只母鸡，81只小鸡
B   12只公鸡，4只母鸡，84只小鸡
B: 465.000000ms
